updated_at: 2026-03-29T13:31:37
method: same lambda_m/lambda_s in stage1 and stage2
completed_points: 36/36

E_M_train_final trend by lambda_s (available points):
- lambda_s=0: 0:1.286e-03, 0.01:2.062e-04, 0.1:3.203e-05, 1:5.115e-06, 10:1.121e-07, 50:2.138e-08, 100:5.416e-09, 500:0.000e+00, 1000:0.000e+00
- lambda_s=0.001: 0:1.171e-03, 0.01:1.849e-04, 0.1:3.556e-05, 1:5.635e-06, 10:2.223e-07, 50:1.052e-08, 100:1.576e-09, 500:0.000e+00, 1000:0.000e+00
- lambda_s=0.01: 0:1.580e-03, 0.01:2.609e-04, 0.1:2.815e-05, 1:5.290e-06, 10:1.867e-07, 50:6.249e-08, 100:6.810e-10, 500:0.000e+00, 1000:0.000e+00
- lambda_s=0.1: 0:2.337e-03, 0.01:2.693e-04, 0.1:2.252e-05, 1:2.703e-06, 10:1.813e-07, 50:6.277e-09, 100:1.160e-08, 500:7.603e-10, 1000:0.000e+00

E_R_train_final trend by lambda_s (available points):
- lambda_s=0: 0:0.000237, 0.01:0.000215, 0.1:0.000181, 1:0.000186, 10:0.000206, 50:0.000222, 100:0.000224, 500:0.000229, 1000:0.000252
- lambda_s=0.001: 0:0.000210, 0.01:0.000227, 0.1:0.000197, 1:0.000186, 10:0.000215, 50:0.000219, 100:0.000225, 500:0.000238, 1000:0.000298
- lambda_s=0.01: 0:0.000239, 0.01:0.000224, 0.1:0.000184, 1:0.000206, 10:0.000216, 50:0.000229, 100:0.000214, 500:0.000277, 1000:0.000278
- lambda_s=0.1: 0:0.000281, 0.01:0.000283, 0.1:0.000310, 1:0.000287, 10:0.000294, 50:0.000303, 100:0.000318, 500:0.000321, 1000:0.000339